9 11
12 16
18 22
28 30
38 37
51 46
68 57
83 65
97 74
104 81
112 89
116 97
118 103
118 107
118 111
118 114
118 117
118 118
117 120
117 121
116 123
115 123
115 124
114 124
113 124
109 124
105 124
102 124
94 122
85 118
80 116
73 111
71 109
70 106
70 101
70 95
70 90
70 84
70 79
70 76
70 73
70 69
72 66
73 63
75 62
79 57
85 55
96 55
109 55
125 55
137 55
147 57
155 59
161 63
163 65
163 68
163 71
163 76
163 79
163 84
163 91
160 98
154 107
149 115
143 124
133 132
122 136
111 138
100 138
87 138
79 138
71 138
66 138
61 136
59 134
56 132
56 129
55 126
55 122
55 117
55 112
51 103
51 98
51 93
51 88
55 80
56 76
59 72
63 68
65 63
72 61
82 59
97 59
115 59
139 59
167 59
188 59
203 59
212 59
219 62
223 64
223 65
225 66
225 67
224 69
222 74
222 77
221 82
215 92
210 102
202 112
193 118
182 123
171 127
157 134
144 134
129 134
117 134
109 134
104 134
100 132
97 132
95 131
94 129
93 127
92 123
92 120
92 117
90 113
90 109
90 104
90 101
90 98
90 96
90 93
91 89
93 86
97 82
106 78
117 74
127 71
138 71
149 71
157 71
162 71
165 71
166 71
167 71
167 72
167 74
167 76
167 77
167 79
165 80
165 83
164 87
164 88
164 89
163 90
